       (1.481775544E-03,0.267509431)  (-2.943308080E-30,2.448621971E-31)      (0.224646717,-5.005196854E-02)  (3.173167819E-30,-4.211831054E-31)       (1.863780990E-02,0.269259781)  (-1.298126623E-30,3.513619947E-30)
     (-1.481773797E-03,-0.267509431)   (2.233751184E-09,1.959267415E-09)      (0.224646673,-5.005203187E-02)  (3.502010237E-09,-3.588513930E-09)     (-1.863778755E-02,-0.269259751)  (4.600913428E-09,-1.007803974E-08)
       (1.476975740E-03,0.422355115) (-5.427644861E-30,-3.380484303E-32)      (0.438837498,-7.309094071E-02)  (4.898734093E-30,-2.752261566E-31)       (1.647513174E-02,0.307085127)  (-1.255104094E-30,4.222538961E-30)
     (-1.476964448E-03,-0.422355115)  (4.578984414E-10,-6.267635300E-10)      (0.438837528,-7.309097797E-02) (-5.756005117E-10,-1.061857047E-09)     (-1.647509076E-02,-0.307085127)  (5.667457614E-09,-1.691505958E-08)
       (1.316258451E-03,0.534174979) (-6.984153982E-30,-3.131419149E-31)      (0.584882200,-7.235369086E-02)  (5.425424399E-30,-1.080903261E-31)       (1.318986155E-02,0.310544133)  (-1.102309201E-30,4.537262997E-30)
     (-1.316261594E-03,-0.534174979) (-2.426635559E-09,-2.219610717E-09)      (0.584882140,-7.235381007E-02)  (-4.223849714E-09,3.015424577E-10)     (-1.318984572E-02,-0.310544163)  (5.456035179E-09,-2.046642145E-08)
       (1.084462972E-03,0.614686549) (-8.081235149E-30,-4.898006133E-31)      (0.684023321,-6.390406191E-02)  (5.503613769E-30,-1.317824970E-32)       (9.864306077E-03,0.299800098)  (-9.444316581E-31,4.652110488E-30)
     (-1.084460993E-03,-0.614686549) (-5.771843448E-09,-2.924084530E-09)      (0.684023321,-6.390413642E-02)  (-6.642015382E-09,8.401255802E-10)     (-9.864265099E-03,-0.299800098)  (4.781222973E-09,-2.170706104E-08)
       (9.846987668E-04,0.673754811) (-8.973550841E-30,-5.638105839E-31)      (0.753915727,-5.775336549E-02)   (5.428878660E-30,1.417414762E-32)       (8.200144395E-03,0.284312218)  (-8.054930218E-31,4.689330213E-30)
     (-9.846953908E-04,-0.673754811) (-9.447944649E-09,-3.290248962E-09)      (0.753915727,-5.775343999E-02)  (-8.260464313E-09,9.458565042E-10)     (-8.200128563E-03,-0.284312218)  (4.074449667E-09,-2.186110493E-08)
       (8.062035777E-04,0.718014538) (-9.713134271E-30,-6.121323825E-31)      (0.803391814,-4.918548092E-02)   (5.282843893E-30,3.182814349E-32)       (6.190587766E-03,0.267250270)  (-6.933243886E-31,4.660923874E-30)
     (-8.061648114E-04,-0.718014538) (-1.286228013E-08,-3.296980466E-09)      (0.803391695,-4.918551072E-02)  (-9.078779506E-09,9.012600111E-10)     (-6.190547254E-03,-0.267250299)  (3.410402849E-09,-2.120444265E-08)
       (7.132032188E-04,0.751964331) (-1.038679823E-29,-6.259642835E-31)      (0.840320766,-4.345212132E-02)   (5.125185086E-30,3.100874164E-32)       (5.080862902E-03,0.250783503)  (-6.027948197E-31,4.613277045E-30)
     (-7.132226601E-04,-0.751964331) (-1.612273692E-08,-3.208080468E-09)      (0.840320706,-4.345216230E-02)  (-9.483360763E-09,8.037313037E-10)     (-5.080842879E-03,-0.250783503)  (2.897476259E-09,-2.036047952E-08)
       (6.229943829E-04,0.778517067) (-1.100707933E-29,-6.286834370E-31)      (0.868102491,-3.816889226E-02)   (4.967431111E-30,2.753209955E-32)       (4.138988908E-03,0.235317945)  (-5.297489894E-31,4.552066703E-30)
     (-6.229832070E-04,-0.778517067) (-1.896722601E-08,-3.059025255E-09)      (0.868102431,-3.816890344E-02)  (-9.537131085E-09,6.745450865E-10)     (-4.138968885E-03,-0.235317945)  (2.444475289E-09,-1.930822080E-08)
       (5.114683299E-04,0.799649954) (-1.158200628E-29,-6.285562015E-31)      (0.889020443,-3.251218423E-02)   (4.814359553E-30,2.545466014E-32)       (3.183609108E-03,0.221002117)  (-4.701097193E-31,4.481200380E-30)
     (-5.115004024E-04,-0.799649954) (-2.129654320E-08,-2.830965240E-09)      (0.889020503,-3.251224384E-02)  (-9.342068452E-09,5.576525353E-10)     (-3.183589317E-03,-0.221002117)  (2.083606621E-09,-1.816657758E-08)
       (4.889082629E-04,0.816791952) (-1.214898125E-29,-6.166857775E-31)      (0.906371474,-3.002907149E-02)   (4.677907417E-30,1.682970837E-32)       (2.862341003E-03,0.208197355)  (-4.218468835E-31,4.415668733E-30)
     (-4.889019765E-04,-0.816791892) (-2.356126849E-08,-2.696545431E-09)      (0.906371474,-3.002907895E-02)  (-9.133976242E-09,4.544608023E-10)     (-2.862304216E-03,-0.208197325)  (1.784809522E-09,-1.718335696E-08)
       (4.341640451E-04,0.830850363) (-1.268819048E-29,-6.083607384E-31)      (0.919750273,-2.674706280E-02)   (4.549653648E-30,1.188425523E-32)       (2.399220597E-03,0.196462750)  (-3.819297285E-31,4.347581467E-30)
     (-4.341165186E-04,-0.830850363) (-2.538843624E-08,-2.516894249E-09)      (0.919750273,-2.674709074E-02)  (-8.813282548E-09,3.698771844E-10)     (-2.399184043E-03,-0.196462750)  (1.548301154E-09,-1.618665024E-08)
       (3.609472769E-04,0.842526555) (-1.320655001E-29,-6.017900071E-31)      (0.930125773,-2.303959057E-02)   (4.430472062E-30,9.071957733E-33)       (1.888704952E-03,0.185743868)  (-3.482166680E-31,4.279655949E-30)
     (-3.608993720E-04,-0.842526555) (-2.683218625E-08,-2.315886372E-09)      (0.930125892,-2.303966694E-02)  (-8.430377285E-09,3.003043925E-10)     (-1.888683066E-03,-0.185743868)  (1.362642443E-09,-1.520649029E-08)
       (3.417176194E-04,0.852370858) (-1.372356289E-29,-5.913523225E-31)      (0.939310431,-2.131689340E-02)   (4.324308936E-30,3.557986301E-33)       (1.698104781E-03,0.176146343)  (-3.202063539E-31,4.217646271E-30)
     (-3.417335683E-04,-0.852370858) (-2.830259049E-08,-2.191261173E-09)      (0.939310431,-2.131693065E-02)  (-8.110728089E-09,2.427231194E-10)     (-1.698068343E-03,-0.176146358)  (1.198389610E-09,-1.438303610E-08)
       (3.201322106E-04,0.860732675) (-1.423053687E-29,-5.828293772E-31)      (0.946865082,-1.966262609E-02)  (4.226909919E-30,-8.021657020E-34)       (1.514557400E-03,0.167398438)  (-2.965589105E-31,4.158359226E-30)
     (-3.201739164E-04,-0.860732675) (-2.957608380E-08,-2.073383465E-09)      (0.946865082,-1.966263913E-02)  (-7.787118506E-09,1.959250956E-10)     (-1.514521195E-03,-0.167398438)  (1.063352850E-09,-1.361574586E-08)
