Example Half Spheroid April 2025                                                
           0 F   9.81000042       1000.00000       0.00000000    
          14   9.00000000       11.0000000       13.0000000       15.0000000       17.0000000       19.0000000       21.0000000       23.0000000       25.0000000       27.0000000       29.0000000       31.0000000       33.0000000       35.0000000               1   0.00000000               2   0.00000000       3.14159012               9  -4.00000000      -3.00000000      -2.00000000      -1.00000000      -0.00000000       1.00000000       2.00000000       3.00000000       4.00000000    
   7.15634897E-02   0.00000000       5.29713444E-02   0.00000000       7.28482008E-02   0.00000000       0.00000000       0.00000000    
   7.15634897E-02   8.82837295E-18   5.29713333E-02   2.51415079E-17   7.28481784E-02   1.22735286E-16   7.60228746E-17   9.68822388E-17
  0.178386018       0.00000000      0.197920635       0.00000000       9.45727080E-02   0.00000000       0.00000000       0.00000000    
  0.178386018       6.02503521E-19  0.197920665       1.45885626E-18   9.45727080E-02   3.18239304E-16   3.59886308E-18   3.27677260E-18
  0.285344630       0.00000000      0.347322226       0.00000000       9.66116264E-02   0.00000000       0.00000000       0.00000000    
  0.285344630       1.08152318E-17  0.347322196       1.79318347E-17   9.66116488E-02   4.48642753E-16   4.53195251E-17   4.05130763E-17
  0.377840728       0.00000000      0.471971631       0.00000000       8.99774060E-02   0.00000000       0.00000000       0.00000000    
  0.377840728       4.18644479E-17  0.471971661       4.48221778E-17   8.99774060E-02   4.94056583E-16   1.18299110E-16   1.23968579E-16
  0.453946531       0.00000000      0.571724415       0.00000000       8.09006765E-02   0.00000000       0.00000000       0.00000000    
  0.453946531       1.00089397E-16  0.571724415       6.91299190E-17   8.09006765E-02   4.94509058E-16   1.91398781E-16   2.51857015E-16
  0.515545547       0.00000000      0.647857666       0.00000000       7.14610294E-02   0.00000000       0.00000000       0.00000000    
  0.515545547       1.76308333E-16  0.647857428       8.32365116E-17   7.14610517E-02   4.61259203E-16   2.38732742E-16   3.93570974E-16
  0.565450907       0.00000000      0.708027065       0.00000000       6.29181787E-02   0.00000000       0.00000000       0.00000000    
  0.565450907       2.70234427E-16  0.708027005       9.05801152E-17   6.29181787E-02   4.22944488E-16   2.68191754E-16   5.50238849E-16
  0.606089234       0.00000000      0.755058765       0.00000000       5.53916693E-02   0.00000000       0.00000000       0.00000000    
  0.606089234       3.69113294E-16  0.755058706       9.14118751E-17   5.53916693E-02   3.78782837E-16   2.77986314E-16   6.98727696E-16
  0.639440298       0.00000000      0.791414380       0.00000000       4.88520712E-02   0.00000000       0.00000000       0.00000000    
  0.639440298       4.61557094E-16  0.791414499       8.75852184E-17   4.88520712E-02   3.34365965E-16   2.72115687E-16   8.23457850E-16
  0.667149305       0.00000000      0.822411001       0.00000000       4.33543324E-02   0.00000000       0.00000000       0.00000000    
  0.667149246       5.62404731E-16  0.822411001       8.36360597E-17   4.33543175E-02   2.98453277E-16   2.65165385E-16   9.55279099E-16
  0.690312505       0.00000000      0.846656024       0.00000000       3.86033691E-02   0.00000000       0.00000000       0.00000000    
  0.690312505       6.50907445E-16  0.846656024       7.78107560E-17   3.86033691E-02   2.64404881E-16   2.50866277E-16   1.06076763E-15
  0.709851086       0.00000000      0.865664780       0.00000000       3.45043540E-02   0.00000000       0.00000000       0.00000000    
  0.709851086       7.25329506E-16  0.865665019       7.11614415E-17   3.45043540E-02   2.33094150E-16   2.32685245E-16   1.14096841E-15
  0.726536214       0.00000000      0.882758498       0.00000000       3.10304184E-02   0.00000000       0.00000000       0.00000000    
  0.726536214       8.05838241E-16  0.882758498       6.58428224E-17   3.10304221E-02   2.08307861E-16   2.18134039E-16   1.22943709E-15
  0.740860879       0.00000000      0.896940053       0.00000000       2.80245319E-02   0.00000000       0.00000000       0.00000000    
  0.740860879       8.79043646E-16  0.896940053       6.06776022E-17   2.80245300E-02   1.86519262E-16   2.03365636E-16   1.30579139E-15
